------ Q 4.1 ------
eps = 1
[0,0.0128705,0.0256626,0.0383772,0.0510151,0.063577,0.0760636,0.0884757,0.100814,0.113079,0.125272,0.137394,0.149445,0.161425,0.173336,0.185178,0.196953,0.208659,0.220299,0.231873,0.243382,0.254826,0.266205,0.277522,0.288775,0.299966,0.311096,0.322164,0.333172,0.344121,0.35501,0.36584,0.376613,0.387328,0.397986,0.408588,0.419135,0.429626,0.440062,0.450444,0.460773,0.471049,0.481272,0.491443,0.501563,0.511632,0.52165,0.531619,0.541538,0.551408,0.56123,0.571003,0.58073,0.590409,0.600041,0.609628,0.619169,0.628664,0.638115,0.647522,0.656885,0.666204,0.675481,0.684714,0.693906,0.703056,0.712165,0.721233,0.73026,0.739248,0.748195,0.757104,0.765973,0.774804,0.783597,0.792352,0.80107,0.80975,0.818395,0.827002,0.835574,0.844111,0.852612,0.861078,0.86951,0.877908,0.886272,0.894603,0.9029,0.911164,0.919396,0.927596,0.935764,0.943901,0.952006,0.960081,0.968125,0.976138,0.984122]

Jacobi Iteration:
11118 iterations
93637 μs
diff = 0.0970001
[0.0128434,0.0256091,0.038298,0.0509107,0.0634482,0.0759111,0.0883001,0.100616,0.11286,0.125032,0.137133,0.149164,0.161125,0.173018,0.184842,0.196599,0.208289,0.219914,0.231473,0.242967,0.254397,0.265763,0.277067,0.288308,0.299488,0.310607,0.321666,0.332664,0.343604,0.354485,0.365308,0.376074,0.386783,0.397435,0.408032,0.418574,0.429061,0.439494,0.449874,0.4602,0.470474,0.480697,0.490867,0.500987,0.511056,0.521076,0.531046,0.540967,0.55084,0.560665,0.570442,0.580172,0.589856,0.599493,0.609085,0.618632,0.628134,0.637591,0.647005,0.656375,0.665703,0.674987,0.68423,0.69343,0.70259,0.711708,0.720786,0.729824,0.738822,0.74778,0.7567,0.765581,0.774424,0.783228,0.791996,0.800726,0.809419,0.818076,0.826697,0.835283,0.843833,0.852348,0.860828,0.869274,0.877686,0.886064,0.894409,0.902721,0.911,0.919246,0.927461,0.935644,0.943796,0.951916,0.960005,0.968064,0.976093,0.984091,0.99206]

Gauss-Seidel Iteration:
6234 iterations
71759 μs
diff = 0.0978536
[0.0128486,0.0256196,0.0383136,0.0509315,0.063474,0.0759418,0.0883357,0.100656,0.112905,0.125081,0.137187,0.149222,0.161188,0.173085,0.184914,0.196675,0.208369,0.219997,0.23156,0.243057,0.254491,0.265861,0.277167,0.288412,0.299595,0.310716,0.321778,0.332779,0.343721,0.354604,0.36543,0.376197,0.386908,0.397562,0.408161,0.418704,0.429192,0.439627,0.450007,0.460334,0.470609,0.480832,0.491003,0.501123,0.511193,0.521212,0.531182,0.541103,0.550975,0.5608,0.570576,0.580305,0.589988,0.599625,0.609215,0.618761,0.628261,0.637717,0.64713,0.656498,0.665824,0.675106,0.684347,0.693545,0.702702,0.711818,0.720894,0.729929,0.738924,0.74788,0.756797,0.765675,0.774515,0.783317,0.792081,0.800808,0.809499,0.818152,0.82677,0.835352,0.843899,0.85241,0.860887,0.86933,0.877738,0.886113,0.894454,0.902763,0.911038,0.919281,0.927493,0.935672,0.94382,0.951937,0.960023,0.968078,0.976103,0.984098,0.992064]

SOR Iteration (omega = 1.6):
4187 iterations
59507 μs
diff = 0.0981855
[0.0128508,0.0256239,0.03832,0.0509399,0.0634844,0.0759542,0.0883501,0.100673,0.112923,0.125102,0.137209,0.149246,0.161214,0.173112,0.184942,0.196705,0.208401,0.22003,0.231594,0.243093,0.254528,0.265899,0.277207,0.288453,0.299637,0.31076,0.321822,0.332824,0.343767,0.354652,0.365478,0.376246,0.386957,0.397612,0.408211,0.418755,0.429244,0.439678,0.450059,0.460387,0.470662,0.480885,0.491056,0.501176,0.511246,0.521265,0.531235,0.541156,0.551028,0.560852,0.570628,0.580357,0.590039,0.599675,0.609266,0.61881,0.62831,0.637766,0.647177,0.656545,0.66587,0.675152,0.684391,0.693589,0.702745,0.71186,0.720935,0.729969,0.738963,0.747918,0.756834,0.765711,0.774549,0.78335,0.792113,0.800839,0.809528,0.818181,0.826797,0.835378,0.843923,0.852434,0.860909,0.86935,0.877758,0.886131,0.894471,0.902778,0.911052,0.919294,0.927504,0.935682,0.943829,0.951944,0.960029,0.968083,0.976107,0.984101,0.992065]

eps = 0.1
[0,0.0525835,0.100639,0.144597,0.184847,0.221744,0.255604,0.286719,0.315348,0.341729,0.366075,0.38858,0.409419,0.428751,0.446719,0.463453,0.47907,0.493677,0.50737,0.520235,0.532352,0.543792,0.554619,0.564891,0.574662,0.583978,0.592884,0.601418,0.609616,0.61751,0.625128,0.632497,0.639641,0.64658,0.653335,0.659923,0.66636,0.67266,0.678837,0.684901,0.690864,0.696736,0.702525,0.708238,0.713884,0.719468,0.724997,0.730475,0.735908,0.741299,0.746654,0.751974,0.757264,0.762527,0.767764,0.772979,0.778174,0.78335,0.788509,0.793653,0.798783,0.803901,0.809008,0.814105,0.819192,0.824271,0.829342,0.834407,0.839466,0.844519,0.849567,0.85461,0.859649,0.864685,0.869717,0.874746,0.879772,0.884796,0.889818,0.894837,0.899855,0.904871,0.909885,0.914898,0.91991,0.924921,0.929931,0.934939,0.939947,0.944955,0.949961,0.954967,0.959972,0.964977,0.969981,0.974985,0.979989,0.984992,0.989995]

Jacobi Iteration:
5465 iterations
46316 μs
diff = 0.112392
[0.0504433,0.0967554,0.139312,0.178454,0.214493,0.247711,0.278363,0.306683,0.332884,0.357158,0.379679,0.400608,0.42009,0.438255,0.455224,0.471105,0.485997,0.49999,0.513166,0.525599,0.537357,0.5485,0.559086,0.569164,0.578781,0.587978,0.596794,0.605264,0.613418,0.621286,0.628893,0.636264,0.64342,0.650379,0.657161,0.663782,0.670255,0.676594,0.682812,0.688919,0.694926,0.700842,0.706675,0.712432,0.71812,0.723746,0.729315,0.734833,0.740304,0.745732,0.751121,0.756475,0.761797,0.76709,0.772357,0.777599,0.782819,0.78802,0.793202,0.798368,0.803518,0.808656,0.81378,0.818894,0.823997,0.829091,0.834176,0.839254,0.844325,0.849389,0.854448,0.859501,0.864549,0.869593,0.874634,0.87967,0.884703,0.889733,0.894761,0.899786,0.904809,0.909829,0.914848,0.919865,0.924881,0.929895,0.934908,0.93992,0.94493,0.94994,0.954949,0.959957,0.964964,0.969971,0.974977,0.979983,0.984988,0.989992,0.994996]

Gauss-Seidel Iteration:
2969 iterations
34354 μs
diff = 0.112556
[0.0504503,0.0967688,0.139331,0.178479,0.214522,0.247744,0.2784,0.306723,0.332927,0.357203,0.379727,0.400658,0.420141,0.438307,0.455277,0.471159,0.486051,0.500045,0.513221,0.525654,0.537411,0.548554,0.559139,0.569217,0.578833,0.588029,0.596845,0.605313,0.613467,0.621333,0.62894,0.636309,0.643464,0.650422,0.657203,0.663822,0.670294,0.676632,0.682848,0.688955,0.69496,0.700875,0.706706,0.712462,0.718149,0.723774,0.729342,0.734859,0.740328,0.745755,0.751143,0.756497,0.761818,0.767109,0.772375,0.777616,0.782836,0.788035,0.793217,0.798382,0.803532,0.808668,0.813792,0.818905,0.824007,0.829101,0.834186,0.839263,0.844333,0.849397,0.854455,0.859507,0.864555,0.869599,0.874639,0.879675,0.884708,0.889737,0.894765,0.899789,0.904812,0.909832,0.914851,0.919868,0.924883,0.929897,0.93491,0.939921,0.944932,0.949941,0.95495,0.959958,0.964965,0.969972,0.974977,0.979983,0.984988,0.989992,0.994996]

SOR Iteration (omega = 1.5):
2061 iterations
29169 μs
diff = 0.112612
[0.0504528,0.0967736,0.139338,0.178488,0.214533,0.247755,0.278413,0.306738,0.332942,0.357219,0.379744,0.400675,0.420158,0.438325,0.455295,0.471177,0.48607,0.500063,0.513239,0.525672,0.53743,0.548573,0.559157,0.569235,0.57885,0.588047,0.596861,0.60533,0.613483,0.621349,0.628955,0.636324,0.643478,0.650436,0.657216,0.663835,0.670306,0.676644,0.68286,0.688966,0.694971,0.700885,0.706716,0.712471,0.718158,0.723783,0.72935,0.734866,0.740336,0.745762,0.75115,0.756503,0.761824,0.767115,0.77238,0.777621,0.782841,0.78804,0.793221,0.798386,0.803536,0.808672,0.813796,0.818908,0.824011,0.829104,0.834188,0.839265,0.844335,0.849399,0.854457,0.859509,0.864557,0.869601,0.87464,0.879676,0.884709,0.889739,0.894766,0.89979,0.904813,0.909833,0.914851,0.919868,0.924884,0.929897,0.93491,0.939922,0.944932,0.949942,0.95495,0.959958,0.964965,0.969972,0.974978,0.979983,0.984988,0.989992,0.994996]

eps = 0.01
[0,0.32106,0.442332,0.490106,0.510842,0.521631,0.528761,0.534544,0.539832,0.544938,0.549977,0.554992,0.559997,0.564999,0.57,0.575,0.58,0.585,0.59,0.595,0.6,0.605,0.61,0.615,0.62,0.625,0.63,0.635,0.64,0.645,0.65,0.655,0.66,0.665,0.67,0.675,0.68,0.685,0.69,0.695,0.7,0.705,0.71,0.715,0.72,0.725,0.73,0.735,0.74,0.745,0.75,0.755,0.76,0.765,0.77,0.775,0.78,0.785,0.79,0.795,0.8,0.805,0.81,0.815,0.82,0.825,0.83,0.835,0.84,0.845,0.85,0.855,0.86,0.865,0.87,0.875,0.88,0.885,0.89,0.895,0.9,0.905,0.91,0.915,0.92,0.925,0.93,0.935,0.94,0.945,0.95,0.955,0.96,0.965,0.97,0.975,0.98,0.985,0.99]

Jacobi Iteration:
508 iterations
5042 μs
diff = 0.267383
[0.254995,0.384993,0.452492,0.488742,0.509368,0.522181,0.531088,0.538042,0.54402,0.549508,0.554753,0.559876,0.564937,0.569968,0.574983,0.579991,0.584995,0.589997,0.594998,0.599999,0.604999,0.61,0.615,0.62,0.625,0.63,0.635,0.64,0.645,0.65,0.655,0.66,0.665,0.67,0.675,0.68,0.685,0.69,0.695,0.7,0.705,0.71,0.715,0.72,0.725,0.73,0.735,0.74,0.745,0.75,0.755,0.76,0.765,0.77,0.775,0.78,0.785,0.79,0.795,0.8,0.805,0.81,0.815,0.82,0.825,0.83,0.835,0.84,0.845,0.85,0.855,0.86,0.865,0.87,0.875,0.88,0.885,0.89,0.895,0.9,0.905,0.91,0.915,0.92,0.925,0.93,0.935,0.94,0.945,0.95,0.955,0.96,0.965,0.97,0.975,0.98,0.985,0.99,0.995]

Gauss-Seidel Iteration:
307 iterations
3574 μs
diff = 0.267387
[0.254997,0.384996,0.452496,0.488746,0.509372,0.522185,0.531092,0.538045,0.544022,0.549511,0.554755,0.559877,0.564938,0.569969,0.574984,0.579992,0.584996,0.589998,0.594999,0.599999,0.605,0.61,0.615,0.62,0.625,0.63,0.635,0.64,0.645,0.65,0.655,0.66,0.665,0.67,0.675,0.68,0.685,0.69,0.695,0.7,0.705,0.71,0.715,0.72,0.725,0.73,0.735,0.74,0.745,0.75,0.755,0.76,0.765,0.77,0.775,0.78,0.785,0.79,0.795,0.8,0.805,0.81,0.815,0.82,0.825,0.83,0.835,0.84,0.845,0.85,0.855,0.86,0.865,0.87,0.875,0.88,0.885,0.89,0.895,0.9,0.905,0.91,0.915,0.92,0.925,0.93,0.935,0.94,0.945,0.95,0.955,0.96,0.965,0.97,0.975,0.98,0.985,0.99,0.995]

SOR Iteration (omega = 1.4):
217 iterations
2541 μs
diff = 0.267388
[0.254998,0.384997,0.452497,0.488747,0.509373,0.522186,0.531092,0.538046,0.544022,0.549511,0.554755,0.559877,0.564939,0.569969,0.574985,0.579992,0.584996,0.589998,0.594999,0.599999,0.605,0.61,0.615,0.62,0.625,0.63,0.635,0.64,0.645,0.65,0.655,0.66,0.665,0.67,0.675,0.68,0.685,0.69,0.695,0.7,0.705,0.71,0.715,0.72,0.725,0.73,0.735,0.74,0.745,0.75,0.755,0.76,0.765,0.77,0.775,0.78,0.785,0.79,0.795,0.8,0.805,0.81,0.815,0.82,0.825,0.83,0.835,0.84,0.845,0.85,0.855,0.86,0.865,0.87,0.875,0.88,0.885,0.89,0.895,0.9,0.905,0.91,0.915,0.92,0.925,0.93,0.935,0.94,0.945,0.95,0.955,0.96,0.965,0.97,0.975,0.98,0.985,0.99,0.995]

eps = 0.0001
[0,0.505,0.51,0.515,0.52,0.525,0.53,0.535,0.54,0.545,0.55,0.555,0.56,0.565,0.57,0.575,0.58,0.585,0.59,0.595,0.6,0.605,0.61,0.615,0.62,0.625,0.63,0.635,0.64,0.645,0.65,0.655,0.66,0.665,0.67,0.675,0.68,0.685,0.69,0.695,0.7,0.705,0.71,0.715,0.72,0.725,0.73,0.735,0.74,0.745,0.75,0.755,0.76,0.765,0.77,0.775,0.78,0.785,0.79,0.795,0.8,0.805,0.81,0.815,0.82,0.825,0.83,0.835,0.84,0.845,0.85,0.855,0.86,0.865,0.87,0.875,0.88,0.885,0.89,0.895,0.9,0.905,0.91,0.915,0.92,0.925,0.93,0.935,0.94,0.945,0.95,0.955,0.96,0.965,0.97,0.975,0.98,0.985,0.99]

Jacobi Iteration:
113 iterations
1830 μs
diff = 0.502493
[0.500049,0.509951,0.514999,0.52,0.525,0.53,0.535,0.54,0.545,0.55,0.555,0.56,0.565,0.57,0.575,0.58,0.585,0.59,0.595,0.6,0.605,0.61,0.615,0.62,0.625,0.63,0.635,0.64,0.645,0.65,0.655,0.66,0.665,0.67,0.675,0.68,0.685,0.69,0.695,0.7,0.705,0.71,0.715,0.72,0.725,0.73,0.735,0.74,0.745,0.75,0.755,0.76,0.765,0.77,0.775,0.78,0.785,0.79,0.795,0.8,0.805,0.81,0.815,0.82,0.825,0.83,0.835,0.84,0.845,0.85,0.855,0.86,0.865,0.87,0.875,0.88,0.885,0.89,0.895,0.9,0.905,0.91,0.915,0.92,0.925,0.93,0.935,0.94,0.945,0.95,0.955,0.96,0.965,0.97,0.975,0.98,0.985,0.99,0.995]

Gauss-Seidel Iteration:
106 iterations
1224 μs
diff = 0.502493
[0.500049,0.509951,0.515,0.52,0.525,0.53,0.535,0.54,0.545,0.55,0.555,0.56,0.565,0.57,0.575,0.58,0.585,0.59,0.595,0.6,0.605,0.61,0.615,0.62,0.625,0.63,0.635,0.64,0.645,0.65,0.655,0.66,0.665,0.67,0.675,0.68,0.685,0.69,0.695,0.7,0.705,0.71,0.715,0.72,0.725,0.73,0.735,0.74,0.745,0.75,0.755,0.76,0.765,0.77,0.775,0.78,0.785,0.79,0.795,0.8,0.805,0.81,0.815,0.82,0.825,0.83,0.835,0.84,0.845,0.85,0.855,0.86,0.865,0.87,0.875,0.88,0.885,0.89,0.895,0.9,0.905,0.91,0.915,0.92,0.925,0.93,0.935,0.94,0.945,0.95,0.955,0.96,0.965,0.97,0.975,0.98,0.985,0.99,0.995]

SOR Iteration (omega = 1):
106 iterations
1250 μs
diff = 0.502493
[0.500049,0.509951,0.515,0.52,0.525,0.53,0.535,0.54,0.545,0.55,0.555,0.56,0.565,0.57,0.575,0.58,0.585,0.59,0.595,0.6,0.605,0.61,0.615,0.62,0.625,0.63,0.635,0.64,0.645,0.65,0.655,0.66,0.665,0.67,0.675,0.68,0.685,0.69,0.695,0.7,0.705,0.71,0.715,0.72,0.725,0.73,0.735,0.74,0.745,0.75,0.755,0.76,0.765,0.77,0.775,0.78,0.785,0.79,0.795,0.8,0.805,0.81,0.815,0.82,0.825,0.83,0.835,0.84,0.845,0.85,0.855,0.86,0.865,0.87,0.875,0.88,0.885,0.89,0.895,0.9,0.905,0.91,0.915,0.92,0.925,0.93,0.935,0.94,0.945,0.95,0.955,0.96,0.965,0.97,0.975,0.98,0.985,0.99,0.995]
------ Q 4.2 ------

N = 20

Jacobi Iteration:
1207 iterations
3880 μs
0.974077

Gauss-Seidel Iteration:
633 iterations
3351 μs
0.974077

SOR Iteration (omega=1.8):
88 iterations
524 μs
0.974077

N = 40

Jacobi Iteration:
4410 iterations
60575 μs
0.976126

Gauss-Seidel Iteration:
2316 iterations
55730 μs
0.976127

SOR Iteration (omega=1.9):
186 iterations
4880 μs
0.976127

N = 60

Jacobi Iteration:
9494 iterations
262795 μs
0.976783

Gauss-Seidel Iteration:
4993 iterations
222763 μs
0.976784

SOR Iteration (omega=1.9):
205 iterations
11014 μs
0.976785